int art_nbtns=5;
int art_btns[]={ 8  , 38 , 5  , 5  , 27 , 7  , 27 , 20 , 40 , 7  , 54 , 5  , 54 ,
                 19 , 26 , 5  , 6  , 22 , 28 , 22 , 28 , 39 , 22 , 39 , 6  , 24 ,
                 19 , 50 , 5  , 6  , 57 , 21 , 42 , 28 , 42 , 28 , 59 , 6  , 59 ,
                 35 , 26 , 5  , 31 , 22 , 52 , 22 , 52 , 24 , 37 , 39 , 31 , 39 ,
                 51 , 31 , 5  , 42 , 36 , 56 , 22 , 59 , 22 , 59 , 39 , 42 , 39 };
int art_actions[]={ 0 , 2 , 3 , 4 , 0 , 0  ,
                    5 , 5 , 5 , 0 , 0 , 0  ,
                    6 , 6 , 6 , 0 , 0 , 0  ,
                    0 , 0 , 1 , 1 , 0 , 0  ,
                    9 , 9 , 9 , 9 , 9 , 10 };
bool art_hidebtns=true;
bool art_showled[4]={ true , true , true , true };
int art_ledpos[4][2]={ 8 , 7 , 41 , 45 , 50 , 10 , 33 , 45 };
